%YAML:1.0
---
M: !!opencv-matrix
   rows: 3
   cols: 3
   dt: d
   data: [ 5.3388694121909725e+02, 0., 3.4013658154349451e+02, 0.,
       5.3402453021873418e+02, 2.3517393193819763e+02, 0., 0., 1. ]
D: !!opencv-matrix
   rows: 5
   cols: 1
   dt: d
   data: [ -2.9672298388490820e-01, 1.5503144736177008e-01,
       1.5323622010429059e-03, -3.8385492454811850e-04,
       -1.0119257014516451e-01 ]
R: !!opencv-matrix
   rows: 3
   cols: 3
   dt: f
   data: [ 0., 0., 0., 0., 0., 0., 0., 0., 0. ]
P: !!opencv-matrix
   rows: 3
   cols: 4
   dt: f
   data: [ 0., 0., 0., 0., 0., 3.59387064e+00, 0., 0., 0., 0., 0., 0. ]
ROT: !!opencv-matrix
   rows: 3
   cols: 3
   dt: d
   data: [ 1., 0., 0., 0., 1., 0., 0., 0., 1. ]
T: !!opencv-matrix
   rows: 3
   cols: 1
   dt: d
   data: [ 0., 0., 0. ]
