%YAML:1.0
---
M: !!opencv-matrix
   rows: 3
   cols: 3
   dt: d
   data: [ 5.3664452165217449e+02, 0., 3.2799241291174923e+02, 0.,
       5.3617305006782055e+02, 2.4938883203827740e+02, 0., 0., 1. ]
D: !!opencv-matrix
   rows: 5
   cols: 1
   dt: d
   data: [ -2.9877683304261765e-01, 1.6726151303771153e-01,
       -9.7060682029645343e-04, -1.5637861093318746e-04,
       -1.0143544480226019e-01 ]
R: !!opencv-matrix
   rows: 3
   cols: 3
   dt: f
   data: [ 33785760., 4.58715052e-41, 33786048., 4.58715052e-41,
       1.12103877e-44, 0., 1.12103877e-44, 0., 1.40129846e-45 ]
P: !!opencv-matrix
   rows: 3
   cols: 4
   dt: f
   data: [ 4.85625229e+01, 2.01786979e-43, 0., 0., 1.40129846e-45, 0.,
       0., 0., 1.51340234e-43, 2.52233724e-44, 0., 0. ]
ROT: !!opencv-matrix
   rows: 3
   cols: 3
   dt: d
   data: [ 9.9999343478714997e-01, 3.5144783463785267e-03,
       -8.8251036869688084e-04, -3.5188391712344534e-03,
       9.9998136148394778e-01, -4.9894343965017456e-03,
       8.6495866086598345e-04, 4.9925070518573294e-03,
       9.9998716327753534e-01 ]
T: !!opencv-matrix
   rows: 3
   cols: 1
   dt: d
   data: [ -9.9987309641340602e-02, 1.0316840505637764e-03,
       -6.6083752360801995e-04 ]
